%YAML:1.0
---
pose_0: !!opencv-matrix
   rows: 4
   cols: 25
   dt: "3f"
   data: [ 3.50488312e+02, 2.99232300e+02, 8.58526111e-01,
       3.61072510e+02, 3.27471191e+02, 8.83429587e-01, 3.32850952e+02,
       3.18663605e+02, 8.63298953e-01, 3.06282806e+02, 3.45124146e+02,
       2.01208264e-01, 0., 0., 0., 3.87653534e+02, 3.32737427e+02,
       9.13371205e-01, 3.87489685e+02, 3.84071045e+02, 8.76772702e-01,
       3.62825531e+02, 4.05315033e+02, 8.94655406e-01, 3.32804138e+02,
       3.87561249e+02, 7.40442932e-01, 3.16866760e+02, 3.80523651e+02,
       6.49194837e-01, 2.74502289e+02, 3.85812592e+02, 2.21159682e-01,
       2.69177917e+02, 4.97198608e+02, 1.60729170e-01, 3.48752533e+02,
       3.89436646e+02, 7.58913755e-01, 3.15065643e+02, 4.15780151e+02,
       8.77709746e-01, 3.02825439e+02, 5.02535248e+02, 8.67398918e-01,
       3.46988983e+02, 2.90403168e+02, 9.42253172e-01, 3.59362213e+02,
       2.90458618e+02, 9.49769974e-01, 0., 0., 0., 3.75152802e+02,
       2.92189941e+02, 8.86678576e-01, 2.99232025e+02, 5.21934265e+02,
       5.73476374e-01, 3.04492249e+02, 5.21947266e+02, 6.83854163e-01,
       3.04479370e+02, 5.11342499e+02, 6.72468722e-01, 0., 0., 0., 0.,
       0., 0., 0., 0., 0., 5.35199928e+01, 2.92146271e+02,
       8.83076310e-01, 6.06024323e+01, 3.32846985e+02, 9.08510983e-01,
       2.16782894e+01, 3.34564178e+02, 8.26006114e-01, 3.22473946e+01,
       4.07055786e+02, 8.20029080e-01, 8.01055984e+01, 4.42358795e+02,
       8.51792336e-01, 9.42433243e+01, 3.32814148e+02, 8.59868824e-01,
       1.13609467e+02, 3.89456116e+02, 8.60497773e-01, 1.18837013e+02,
       4.33533997e+02, 9.15884793e-01, 7.29787369e+01, 4.19454590e+02,
       7.42693961e-01, 4.82505608e+01, 4.28253113e+02, 7.57829964e-01,
       6.94046326e+01, 4.61887604e+02, 8.34232748e-01, 9.24093704e+01,
       5.71342407e+02, 8.38640988e-01, 9.42463150e+01, 4.15890594e+02,
       7.55721211e-01, 1.50772720e+02, 4.38816681e+02, 7.78997004e-01,
       1.87806000e+02, 5.16675537e+02, 8.18507791e-01, 4.82336464e+01,
       2.88512543e+02, 9.44360137e-01, 6.41422424e+01, 2.88519653e+02,
       9.36074376e-01, 3.93963852e+01, 2.92150574e+02, 1.83324412e-01,
       8.18182068e+01, 2.92211060e+02, 8.59289467e-01, 2.00200058e+02,
       5.43091492e+02, 3.84277642e-01, 2.05475021e+02, 5.34319092e+02,
       4.22267020e-01, 1.77295532e+02, 5.28952942e+02, 7.70336866e-01,
       1.15385490e+02, 5.96155151e+02, 6.43212557e-01, 1.02958527e+02,
       5.97902954e+02, 6.73966050e-01, 9.06246567e+01, 5.76712158e+02,
       6.39897466e-01, 1.91348709e+02, 7.46703339e+01, 9.11915481e-01,
       2.37346664e+02, 1.45411911e+02, 7.91594148e-01, 1.91445740e+02,
       1.47231857e+02, 8.44883204e-01, 1.80774078e+02, 2.33849792e+02,
       8.10668766e-01, 1.56051819e+02, 3.04470764e+02, 8.61656725e-01,
       2.86808380e+02, 1.40127777e+02, 7.27286160e-01, 3.04553314e+02,
       2.48046143e+02, 8.59369218e-01, 2.74427856e+02, 3.48692749e+02,
       8.55011761e-01, 2.21491165e+02, 3.54015686e+02, 5.67288995e-01,
       1.91385544e+02, 3.52226593e+02, 5.55626392e-01, 2.09074921e+02,
       4.72391510e+02, 7.39456832e-01, 2.26717636e+02, 5.71459229e+02,
       7.52871633e-01, 2.56766174e+02, 3.55783875e+02, 5.41174173e-01,
       2.62086151e+02, 4.77728424e+02, 8.00082982e-01, 2.72657318e+02,
       5.97886169e+02, 7.29630232e-01, 1.89636871e+02, 6.41315765e+01,
       8.26682031e-01, 2.05473038e+02, 6.22890549e+01, 9.29504752e-01,
       0., 0., 0., 2.44349319e+02, 6.59312973e+01, 8.86776567e-01,
       2.40856201e+02, 6.22669556e+02, 6.12204790e-01, 2.58542847e+02,
       6.24432190e+02, 5.64042866e-01, 2.79779144e+02, 6.05031006e+02,
       5.34310460e-01, 1.86074112e+02, 5.92631165e+02, 4.16480422e-01,
       1.87861115e+02, 5.83768738e+02, 4.30466473e-01, 2.35577820e+02,
       5.81981018e+02, 6.01157367e-01, 0., 0., 0., 0., 0., 0., 0., 0.,
       0., 0., 0., 0., 0., 0., 0., 0., 0., 0., 0., 0., 0., 0., 0., 0.,
       4.76015808e+02, 4.21161621e+02, 3.23186994e-01, 4.60118561e+02,
       4.15939209e+02, 3.90987068e-01, 4.07036041e+02, 4.17676392e+02,
       7.64205277e-01, 4.75996796e+02, 4.45894073e+02, 6.02623820e-01,
       4.76034576e+02, 4.21152100e+02, 9.65905562e-02, 0., 0., 0., 0.,
       0., 0., 0., 0., 0., 0., 0., 0., 0., 0., 0., 0., 0., 0., 0., 0.,
       0., 0., 0., 0., 0., 0., 0., 4.76022766e+02, 4.49437653e+02,
       1.08070925e-01, 4.76025116e+02, 4.47714996e+02, 1.38051867e-01,
       4.76019623e+02, 4.45959900e+02, 3.61329108e-01 ]
